29 0.241115 0.851716 0.219363 0.176471
9 0.228554 0.493464 0.23652 0.178513
9 0.509804 0.826389 0.498468 0.0923203
5 0.236213 0.261846 0.136029 0.166258
18 0.739277 0.199755 0.192708 0.245507
9 0.592831 0.260212 0.275735 0.0812908
11 0.253064 0.745915 0.436887 0.10049
1 0.20864 0.871732 0.191176 0.247141
17 0.481005 0.752451 0.197917 0.230392
11 0.119485 0.719363 0.164522 0.196895
17 0.653186 0.44281 0.187806 0.25531
30 0.796875 0.438726 0.134191 0.143791
35 0.407782 0.467729 0.162377 0.212418
32 0.162071 0.819036 0.14185 0.163807
15 0.319547 0.615196 0.0615809 0.391748
29 0.671262 0.441585 0.121936 0.120507
29 0.838848 0.558415 0.128676 0.117647
9 0.715686 0.487745 0.262255 0.0473856
