15 0.81924 0.599265 0.229473 0.140523
13 0.280637 0.606618 0.164216 0.291258
34 0.117341 0.370507 0.196078 0.252451
9 0.672794 0.599673 0.118873 0.348856
3 0.516544 0.435866 0.483762 0.10049
18 0.331801 0.554739 0.179228 0.254493
24 0.463235 0.247958 0.137255 0.17933
8 0.971201 0.763889 0.0438113 0.258578
0 0.298407 0.500817 0.340993 0.0784314
12 0.088848 0.60335 0.0713848 0.403595
1 0.547794 0.729984 0.328125 0.0968137
9 0.56587 0.318627 0.314645 0.0808824
17 0.414522 0.20384 0.0934436 0.127042
17 0.398897 0.705882 0.0909926 0.527778
31 0.301471 0.35049 0.175551 0.241013
28 0.148284 0.419118 0.15962 0.211193
11 0.248162 0.871732 0.0900735 0.131127
5 0.159314 0.775327 0.179534 0.219771
